tic,name,ra,dec,tmag,ctl,sector 
169535107,2982652206352410624,78.137499,-17.454582000000002,8.48,1,-1 
169530854,2982652275071888128,78.123817,-17.452479999999998,8.531,1,-1 
55937633,3185719600136840064,68.778419,-8.6934881,8.529,1,-1 
102062892,4933360553295799040,17.141092,-46.667889,6.715,1,-1 
269615583,3252923090855768064,61.22241999999999,-2.4271669,7.105,1,-1 
4699111,5175455696422545664,38.851974,-9.350771,7.124,1,-1 
212949412,2542373597009506944,7.9198709,-1.793722,7.021,1,-1 
121007190,5101109812531992192,55.343254,-19.584373,6.51,1,-1 
55440625,3194381724539017088,58.645653,-9.5203743,6.674,1,-1 
316920092,2987130414132474880,74.741348,-14.783717000000001,8.881,1,-1 
246896530,3179673591854139648,73.118128,-13.518548999999998,8.64,1,-1 
37860207,3198972700981234048,65.631284,-7.5508939,8.669,1,-1 
9805084,5181474045115843072,47.697096,-6.5749353,8.34,1,-1 
468310188,2721063370601057920,333.17336,7.1212841000000004,9.055,1,-1 
188968885,2983196121010613760,78.521711,-16.127557999999997,9.03,1,-1 
265720508,2707120399225065984,334.71371,4.1430852,8.777,1,-1 
93055873,2970256067444871808,84.402963,-18.489342,9.453,0,-1 
229076671,5092558979319804672,63.250995999999994,-19.854772,8.809,1,-1 
169529956,2983384893413084544,77.982247,-15.886301000000001,9.398,1,-1 
4741056,5177426566720238848,39.65031,-7.5301981,8.261,1,-1 
204613238,5129126605754957568,41.619122,-18.895453,8.188,1,-1 
55441489,3193559873957065472,58.78720799999999,-10.169955,9.128,1,-1 
24459844,2990015498284394240,80.00121800000001,-10.815574,9.441,1,-1 
406354252,2423072977623095040,5.5509974,-13.465678,8.405,1,-1 
80430430,4980890173221202816,11.151955000000001,-42.598515,7.902,1,-1 
1028816,2486925844095190784,33.83894,-7.1263186,8.43,1,-1 
388766485,2544163636298722816,9.6058265,1.277931,8.43,1,-1 
250133028,3203719155237119744,63.196334,-4.0094607,8.915,1,-1 
71091056,3172618094457352192,66.730051,-15.469714000000002,9.402,1,-1 
143353370,2985572234357326720,82.365723,-13.142145000000001,9.781,1,-1 
188987821,2981932575991267584,78.66249499999999,-17.219051999999998,10.061,1,-1 
420000810,2516948215250061568,35.094028,5.8830715,8.872,1,-1 
9148352,3245408684793798528,60.564186,-5.8967191,9.092,1,-1 
9967295,5162881269131403392,50.872983000000005,-11.258772,9.15,1,-1 
311085703,2409127734208414208,352.1461,-13.000025,8.415,1,-1 
382306185,2528797033588184960,11.08174,-4.399136799999999,8.39,1,-1 
399570739,6628071944405827712,339.12973999999997,-21.584985999999997,8.608,1,-1 
24375622,2674848702158008576,327.02718,-0.80955983,9.588,1,-1 
24607967,2988966044497883392,80.71606,-11.796596000000001,10.0,1,-1 
250383070,2491852583900640896,29.772879999999997,-4.6991117,8.755,1,-1 
257434109,2456987757379368064,23.143394,-12.852692999999999,8.718,1,-1 
56127663,3186195241994234880,70.76080400000001,-7.898486500000001,9.66,1,-1 
217899220,2811761951632907392,346.77248,12.159781,9.448,1,-1 
422837205,2743441391460193792,359.79315,4.723368499999999,8.644,1,-1 
152439649,2988096919213031808,75.646847,-12.522332,9.904,1,-1 
257191815,2712410493263719296,342.03097,6.9117693,9.442,1,-1 
137860799,5104479124177577472,48.229785,-18.438614,8.649,1,-1 
169396430,2987729922847457280,76.78824300000001,-13.568798000000001,9.792,1,-1 
332822190,2488152108797929984,33.905927,-5.4558749,9.064,1,-1 
415954741,2716402407667442944,342.4241,9.392188800000001,9.543,1,-1 
248655215,3204844780267292288,67.340092,-2.8297559,9.394,1,-1 
188627184,2405544971274027904,350.34307,-17.516258999999998,8.853,1,-1 
34147414,3190206672727634816,60.369999,-11.32381,9.568,0,-1 
346832357,2572981320666334848,23.067044,9.227804699999998,9.168,1,-1 
279068672,5182223980765557248,49.594941999999996,-4.4913779,9.434,1,-1 
422835643,2739496687336985984,359.58682999999996,2.2893027999999997,9.028,1,-1 
401396651,2745492873997988352,359.89693,6.8874222000000005,9.329,1,-1 
169451121,2982998926174605824,77.62530600000001,-16.13447,10.258,1,-1 
332862003,2492898356897645184,34.517629,-3.837342,9.069,1,-1 
9161614,3256702490277205376,60.853747999999996,-0.7792176,9.552,1,-1 
58733648,2546473882027914880,3.4680976,1.3158495000000001,9.414,1,-1 
442926120,2982114334711721856,80.821577,-17.194919,9.928,1,-1 
441515106,5104477754084350464,48.828301,-17.943447,9.211,1,-1 
422552180,2647513743579869568,352.72735,3.1848911,9.722,1,-1 
442926121,2982114339005991936,80.82305,-17.193946,9.756,1,-1 
257483561,5147686052794315904,30.545284999999996,-16.567597,9.222,1,-1 
38049612,3197608241410937216,68.007554,-8.887135699999998,10.069,1,-1 
332864335,2489889607752127360,34.682967,-4.0155411,9.592,1,-1 
120977099,5085674696501016192,54.766521,-23.692803,9.247,1,-1 
28077586,2346216668164370432,13.55613,-22.885499,9.01,1,-1 
204613241,5129126330877050240,41.644124,-18.904851,9.363,1,-1 
250102170,2639255139944913792,355.02552000000003,-4.048744200000001,9.312,1,-1 
24405785,3207540400526530048,79.410325,-6.839492599999999,10.186,0,-1 
65346691,5070969209513725568,39.652254,-25.252106,8.965,1,-1 
404470511,2735657124012552192,334.01212000000004,15.208739000000001,10.774,1,-1 
423327064,2757862070573421568,352.91373,7.960561599999999,9.842,1,-1 
251005952,2623655475128272384,339.63696,-6.213715799999999,9.907,1,-1 
89547213,2390999811123588608,358.1054,-18.560091,9.33,1,-1 
422835641,2739498199165473920,359.60103,2.2979608,9.683,1,-1 
398552435,2708287457803120640,332.79958,5.2174515,10.282,1,-1 
332825272,2493286445846897664,33.943359,-2.6090178,9.461,1,-1 
38128400,3197753548744455168,68.48065,-8.3244159,10.434,1,-1 
422096998,2656650960084472320,342.6031,2.9804835,10.231,1,-1 
429052944,2577307864562003456,15.623738000000001,6.9984622000000005,9.345,1,-1 
293265982,2738999879879546752,2.1052855999999998,2.5151172,10.143,1,-1 
156215773,5113845146476653696,56.19689399999999,-14.269369000000001,9.767,1,-1 
10936618,3250959019490899840,55.277265,-1.7034057,10.425,1,-1 
257222038,2712471584878506496,342.91922999999997,7.0082173999999995,10.042,1,-1 
270432631,2513568007268649728,33.696690000000004,2.2389875,9.989,1,-1 
250328442,2625503165763607808,340.82045,-3.0518445,10.284,1,-1 
466336610,2702106351324960768,326.04318,9.0760106,10.914,1,-1 
23193695,5179904664065847040,47.26526,-7.065500900000001,9.854,1,-1 
287153961,2443101131678052480,0.45568058,-5.5077737,9.215,1,-1 
404487338,2727676456301311744,334.28281,11.946385000000001,10.958,1,-1 
164777021,5139447824484427904,27.372542,-19.013441,8.859,1,-1 
257556825,2741665405303366912,1.1805819,4.2895885,10.045,1,-1 
377043542,24667616384335872,36.947666,11.240921,10.15,1,-1 
248602766,2641618093513228800,358.10162,-0.93333074,10.007,1,-1 
265690918,2708000004232308096,334.36284,5.043861,10.817,1,-1 
382326499,5168681021169216896,52.37634,-7.1705119999999996,10.325,1,-1 
385141581,2590688680553786368,21.121669,15.510067999999999,9.689,1,-1 
269724428,3253302456727341696,61.894493000000004,-2.0758842,10.5,1,-1 
257328739,2712132690484051584,343.96943,7.5211678,10.658,1,-1 
71010570,3176016268285396864,65.396834,-14.024984,10.81,1,-1 
257160332,2721370344799405056,330.8342,6.855247599999999,10.872,1,-1 
248384545,2531732317316926336,18.882288,-2.8462327999999997,10.319,1,-1 
250315935,2652644133554470144,340.03648,-2.0577422,9.78,1,-1 
25001474,2462582789799726336,29.975307,-9.504615,10.356,1,-1 
257332489,2544524069954322816,8.256693700000001,2.1657300999999998,10.282,1,-1 
35841788,2495781619982992640,41.255161,-2.4295271,10.266,1,-1 
408233707,2968825259219765120,82.36886700000001,-19.299652,11.504,1,-1 
257605131,4844691297067063424,62.966384999999995,-37.93973,10.236,1,-1 
251088243,2496200774431287424,37.745135,-3.0513681,9.95,1,-1 
176283271,2429059676701547008,1.1080553,-9.1955784,10.745,1,-1 
12546422,5164508202742806784,51.969268,-10.643642999999999,10.314,1,-1 
80363380,4980826504625538048,9.5509658,-43.006896000000005,9.788,1,-1 
165219666,4842810376267950464,56.98454399999999,-41.940257,10.245,1,-1 
250348940,2649338761082702976,341.18051,-2.8929918999999997,10.525,1,-1 
313935081,2336552648151249280,0.76616887,-24.843884,9.951,1,-1 
37948770,3198734278756825856,66.6129,-7.6610243,10.936,1,-1 
354356785,2760973997717658624,352.16123999999996,8.6941519,10.521,1,-1 
175491080,5045955865443216640,45.195248,-37.133753999999996,9.765,1,-1 
257488841,2745159000421889792,0.42683827,5.8443532,10.449,1,-1 
262623409,2659252645113464320,348.58391,3.7782648,10.68,1,-1 
34086013,3193528950192619648,59.266535,-10.233594,10.772,1,-1 
146804027,3187547465200970368,71.551245,-7.5400982999999995,11.159,1,-1 
166741952,4863437248766008448,56.256640000000004,-31.852882,10.294,1,-1 
419879791,2709158614610269312,337.72887000000003,6.153843,11.114,1,-1 
121006547,5101127920110566528,55.20808,-19.395061,10.652,0,-1 
55406666,3245140743257978496,58.504369,-6.237393099999999,10.58,0,-1 
257570869,2551213292538579328,11.731981,4.3548855,10.385,1,-1 
12546421,5164508305822021248,51.980961,-10.637602000000001,10.851,1,-1 
344716096,2551974081570433280,15.70651,4.576724700000001,10.517,1,-1 
411517222,2799909177630458880,6.008782900000001,21.925716,11.259,1,-1 
248613540,3205573756476323328,65.97744,-2.5620515,11.021,0,-1 
283708485,1776592713522549376,332.25858999999997,18.9533,11.68,1,-1 
354263104,2664478280283853824,350.55192,6.362878599999999,10.78,1,-1 
55935823,3185678437170300800,68.678168,-8.9551395,11.301,1,-1 
217709907,2814781829038090752,345.84032,12.489921,11.193,1,-1 
55937757,3198123568764627456,68.809934,-8.259173200000001,11.199,0,-1 
92250588,5103353606523787008,49.51597,-19.737278,9.847,0,-1 
418919005,2682450102781782400,331.98837000000003,2.1999661,11.319,1,-1 
167485031,3187477818011309568,71.992325,-7.8236758,11.381,0,-1 
437759888,2855295156029714048,5.858739099999999,24.988685,11.433,0,-1 
354357209,2762554339524189952,352.15258,10.409508,10.985,1,-1 
442965496,3009905594911137664,81.62504200000001,-12.022538,11.93,1,-1 
404490535,2735880183139036800,334.47952000000004,16.317452,11.692,1,-1 
44647574,5083255496041631616,59.396162,-24.478374,10.547,1,-1 
169286118,2326464319728427264,356.25468,-31.530669,10.108,0,-1 
38613715,3243665031151732864,57.159503,-6.697934299999999,10.871,1,-1 
49732008,2440226561606657792,352.34032,-6.8898760999999995,11.258,0,-1 
37816550,3192643431015406464,65.47184399999999,-8.7211373,11.119,1,-1 
67643537,5029398079322118912,18.426474,-31.194322999999997,10.206,1,-1 
240720758,2596395760081700608,339.97303999999997,-16.606475,10.895,0,-1 
316915529,2979827384884386176,74.51043100000001,-17.174367999999998,11.717,1,-1 
34238114,3196687812738993152,61.500824,-6.8972137,11.198,0,-1 
257247422,2547792093390641024,6.906377099999999,2.7074942,10.883,0,-1 
332714671,2491594263092190464,32.592921999999994,-3.8490888,10.894,0,-1 
69925647,2402197409339616768,339.75567,-18.882129,10.573,1,-1 
248942618,2533762977853808640,19.951269,-0.50907632,5.478,1,-1 
24719594,3013355999838366336,81.310889,-10.43038,12.151,0,-1 
35745429,2495869576617667328,40.01873,-2.5734176,11.1,0,-1 
138666883,2449820419035086208,0.14178369,-1.0402839,10.992,0,-1 
406500468,2977782327616220544,71.03226,-19.477063,11.866,0,-1 
238306129,2799470060173799680,5.7693867,21.464149,11.737,0,-1 
405188597,2753439761791577984,3.3902912000000005,10.281298,11.162,0,-1 
332661361,5096891158212909312,63.191614,-16.324745,11.257,0,-1 
170674625,4871041608622321664,67.120582,-33.895869,10.93,0,-1 
257524881,2546213194692735488,1.2036248999999999,0.99125848,11.092,0,-1 
257044092,2724868849064224896,330.19957,8.419273800000001,11.629,1,-1 
385155430,2792703665616455808,6.039621400000001,16.33251,11.434,0,-1 
365332374,7324465427953664,46.308622,6.1481803,11.353,0,-1 
461713170,5097262136011410944,59.72783199999999,-17.098114000000002,10.995,0,-1 
300943055,2545879114955390976,1.7434409,-0.062230925,11.162,0,-1 
228383334,2418664520110763520,357.47949,-15.728337,10.915,0,-1 
150814687,2797681223475157376,3.0547066000000003,19.5729,11.572,0,-1 
425095257,5179037454333642240,39.795359000000005,-5.5395688,11.085,0,-1 
89547209,2391000326519672192,358.17216,-18.576542,10.724,0,-1 
248952247,2484875735945832704,21.102779,-3.2774852999999995,11.099,0,-1 
332740776,2491305817383938816,32.898711,-4.613341200000001,11.073,0,-1 
36648119,2605329773093717248,343.05756,-9.722396,11.413,0,-1 
12879146,2416803905918832256,4.372771599999999,-15.046554,10.93,1,-1 
457161840,3276470815992233856,55.839659,5.5391853,10.777,0,-1 
66437682,2393862836322877952,355.15615,-18.19386,10.811,0,-1 
12787754,2594993646533642496,337.80789,-17.081211,11.212,0,-1 
56000236,3199896668704440064,69.73110799999999,-6.673611500000001,11.798,0,-1 
156460685,5114686272872474880,56.857437,-12.541903999999999,11.907,0,-1 
8938429,2433715455609798784,354.21697,-11.417146,10.987,1,-1 
262626092,2659235357870273024,348.75126,3.6423866,11.397,0,-1 
257343643,2554073839542045440,8.4228996,4.319350599999999,11.166,1,-1 
210090143,2731715855863411200,339.56877000000003,12.706122,11.905,1,-1 
423442532,5106733402188456320,51.104971,-15.834822,10.774,0,-1 
89526411,2390974419276875776,357.13521000000003,-18.549263,10.837,0,-1 
250355363,2623535349187742976,341.62889,-5.9641614999999994,11.037,0,-1 
224213772,2612073116562162304,343.112,-5.086802099999999,11.309,0,-1 
38137497,2619107001682776320,332.74523,-7.9577402,11.41,0,-1 
71089681,3172630287868034944,66.70074100000001,-15.429838,11.514,0,-1 
141287580,5161117923061794688,44.966794,-9.7932655,11.296,0,-1 
176071826,2628291218014606080,337.3583,-3.336689,11.795,0,-1 
244175217,2543516161389433472,7.116463700000001,-0.46226832,11.282,0,-1 
212963433,2528384544928958720,9.4683784,-3.8384538999999998,11.065,0,-1 
55893164,5155187986271622912,50.138715999999995,-14.282878,11.005,0,-1 
405305422,2752136947888573056,2.8904591,8.752680400000001,11.483,0,-1 
64008790,5129876953722430208,37.368578,-20.204657,10.936,0,-1 
114749459,2339984636258635136,359.22381,-23.290177,10.759,0,-1 
437710094,2846635711687434368,359.11711,20.612679999999997,11.808,0,-1 
144575405,5085954625291316224,52.595318000000006,-24.373903,11.205,0,-1 
34267639,3195826963854173056,61.622601,-7.592284200000001,12.218,0,-1 
114501073,2349094158814399104,11.824961,-22.75224,10.169,0,-1 
422726848,2742946164551127424,357.8403,3.7824828999999998,11.705,0,-1 
12631414,3247412647814482816,53.128820999999995,-6.219199400000001,11.527,0,-1 
241579057,2508964107269556864,25.655012,-0.79748131,11.399,0,-1 
80453023,4975223840046231424,11.910333999999999,-47.696058,10.739,1,-1 
37903382,3191365111308746880,66.12659000000001,-10.683995,12.082,0,-1 
38049622,3197607794734344320,67.965194,-8.900961500000001,12.335,0,-1 
117745508,3171136944919260928,69.1504,-17.789912,12.017,0,-1 
212956453,2542293263941291904,8.6801194,-2.1283071,12.004,0,-1 
49590130,2630280165829126656,349.79675,-8.5629244,11.846,0,-1 
231303250,3206907086126334464,78.356437,-8.331172200000001,12.442,0,-1 
422460501,2659702787750762624,351.38677,3.5451236000000006,11.993,0,-1 
117735557,3177883999240571904,68.896902,-12.796552,11.949,0,-1 
145964471,2604338460282062720,341.73017999999996,-12.318989,11.761,0,-1 
251064437,2488721720245150336,36.722085,-5.2958872999999995,11.721,0,-1 
38397842,2548016565561470592,3.8532608999999995,2.0347972,11.822,0,-1 
244165238,2540261774473566336,5.9508807,-3.5931982000000002,11.872,0,-1 
300942493,2448500283527252608,1.6820534,-2.4480104,11.938,0,-1 
37763129,2430016221753453696,5.3125456,-8.4472132,11.96,0,-1 
422605052,2647133102102550656,353.68514,1.8767741000000002,11.957,0,-1 
98855268,5159567164990031360,46.191516,-12.282739999999999,11.699,0,-1 
325707772,5081912751826042624,56.756510999999996,-26.269765000000003,12.094,0,-1 
120888774,5118895478259982336,36.52899,-24.913610000000002,10.852,0,-1 
251081955,2488896168932236416,37.355512,-5.3363736,11.697,0,-1 
72729895,5117016378528360448,34.310955,-27.278299,11.677,0,-1 
257484419,5149427640557882368,30.742787,-13.629654,11.112,0,-1 
274037216,3266996908409415936,48.603436,1.1583473,12.249,0,-1 
144110354,4832163770817481856,59.572658,-46.570266,12.1,0,-1 
1122408,2488357953694890880,36.649341,-6.300582,12.264,0,-1 
422594721,2647463952023533312,353.48241,3.0466467999999995,12.367,0,-1 
293308202,2643409335392865152,356.16868999999997,1.1227212,12.316,0,-1 
70490059,5016545548604176384,22.148791,-31.963415,11.66,0,-1 
365073057,2586208995304374656,21.221702,11.202010000000001,11.361,0,-1 
248349830,2531488844210764544,17.237538,-3.0255415,12.172,0,-1 
35664203,2480756793589426944,23.455273000000002,-4.4782459999999995,12.291,0,-1 
28092085,2355466790769878400,13.839376000000001,-21.401019,11.43,0,-1 
152590946,4839559120386107008,64.976816,-43.102641,12.133,0,-1 
262845086,2561673084092908160,24.529802,4.884863,12.235,0,-1 
257394355,2552511506533749504,12.143633,4.291055,12.156,0,-1 
279403260,5114516020369038848,57.816188000000004,-12.396229,12.254,0,-1 
293306792,2741273390752119680,4.6791177,5.1098872,12.399,0,-1 
139526229,5068272932125221504,36.519076,-29.396921000000003,11.877,0,-1 
401369627,2757493837257149056,353.51128,6.9037811,12.264,0,-1 
178286446,5094664333632217088,60.574906000000006,-18.712606,11.669,0,-1 
33625968,5121805541941481472,29.321732,-25.230452,11.801,0,-1 
270415740,2515008917256894976,33.077428000000005,3.4391480000000003,12.395,0,-1 
212949811,2543590790741654656,8.0600136,-0.10367187,12.413,0,-1 
66471572,2390415420693321088,355.6414,-19.746822,12.21,0,-1 
404467056,2454062437973428096,25.77819,-13.554988,12.025,0,-1 
423750380,5141461678818746880,29.821708,-17.777209,11.788,0,-1 
4579839,2413060305048533248,348.20957999999996,-11.775778,12.244,0,-1 
262531383,4984094970441940864,20.456986999999998,-42.022866,11.725,0,-1 
238280633,2772105281639290880,359.9515,15.613663,12.524,0,-1 
29848163,2478036258224982656,23.578641,-6.799031200000001,12.424,0,-1 
439405550,2358736291674305408,18.568692000000002,-16.062572,11.949,0,-1 
41858251,4985062854207022464,20.372999,-40.973032,11.331,0,-1 
423750384,5141461683110761728,29.822689,-17.779124,12.312,0,-1 
152375107,2986248601510045184,75.00511800000001,-15.798666,8.364,0,-1 
348773364,2986287943411085824,75.262401,-15.423934,16.68,0,-1 
169382947,2986758362588389504,76.690226,-14.688948000000002,18.196,0,-1 
316916350,2987150961256022656,74.442537,-14.564820999999998,14.228,0,-1 
152414733,2987289534080751360,75.139208,-14.081513000000001,12.487,0,-1 
316970022,2987437929493721984,74.663098,-14.288603,12.59,0,-1 
246900917,3179558585512306176,73.31538499999999,-14.059148,16.754,0,-1 
316875740,3179752344372191104,74.18399699999999,-12.964078,14.989,0,-1 
316916655,2987545475475708416,74.472782,-13.703709,9.196,1,-1 
316916657,2987545548491503360,74.47129100000001,-13.699612,14.177,0,-1 
152374284,2987931477072914944,74.950785,-13.351049,10.791,1,-1 
117978082,3180674284874185728,71.729129,-13.029375,12.803,0,-1 
114922840,3180835359030652800,72.479089,-12.238414,17.116,0,-1 
167454785,3192976583038067840,65.072496,-7.6237026,16.061,0,-1 
37860209,3198972868484358144,65.612189,-7.5487760999999995,17.466,0,-1 
167454289,3202176849662998400,64.99146400000001,-6.2677391,16.352,0,-1 
9857420,5167544607181511168,48.328709,-8.333695,13.827,0,-1 
398552913,2708316663580868864,332.96725,5.643053500000001,14.404,0,-1 
468320831,2708735749309608960,333.55431,6.1227352,16.439,0,-1 
468253103,2722188720752847616,331.72075,8.2743394,16.085,0,-1 
169419607,2982841146255971712,77.184728,-16.908794,16.674,0,-1 
160186856,2985078794154556160,79.739406,-14.698360000000001,16.676,0,-1 
169383472,2986027977629786112,76.700249,-16.264255,18.153,0,-1 
169449768,2986453630365840256,77.40395500000001,-15.52883,15.69,0,-1 
415709856,2682919078850649472,333.60669,2.8365565,16.519,0,-1 
265787873,2707509793844862208,335.35705,4.2906846,16.149,0,-1 
398556435,2707921148632568448,333.09828,4.6093394,15.71,0,-1 
317879124,2708654458464097280,333.93699,5.6837176,15.366,0,-1 
93055011,2965499962399198080,84.33080799999999,-20.456927,16.122,0,-1 
93125452,2970169760079697280,84.93467199999999,-18.884495,16.989,0,-1 
93055872,2970256037382618496,84.401931,-18.489692,10.291,0,-1 
93027697,2970454086914387200,84.094204,-18.259299,15.869,0,-1 
46431288,2970522355419108864,83.91457199999999,-17.923298000000003,17.25,0,-1 
46436893,2971453886581625600,84.020786,-16.862519,8.514,1,-1 
169420094,2982615716310705280,77.303208,-17.504074,13.978,0,-1 
169451163,2983047549501339264,77.517028,-16.041631,12.923,0,-1 
169451190,2983049366271445376,77.60918000000001,-15.991728,17.162,0,-1 
169550818,2983393002311306496,78.325264,-15.916495999999999,16.678,0,-1 
188987149,2983501819602401920,78.70987099999999,-15.497442999999999,15.811,0,-1 
169379268,2985938470511380480,76.44251700000001,-16.250474,17.209,0,-1 
169320513,2985943899350802176,76.065878,-16.371714,18.043,0,-1 
326242263,5127759431765387392,41.326607,-20.401635,7.097,1,-1 
34105692,3193270771117833728,59.426786,-10.871942,15.438,0,-1 
55441488,3193559839597327360,58.78368100000001,-10.170739,15.231,0,-1 
55441512,3193573239895287424,58.710058,-10.067972,13.09,0,-1 
55443330,3193605881646724736,58.905086,-9.788146000000001,14.884,0,-1 
189015047,2988622795009311616,79.150775,-12.564857,15.901,0,-1 
442959419,2988881004146807680,81.245448,-12.153925,16.808,0,-1 
24402901,2989986842262581248,79.247034,-11.188412,15.647,0,-1 
24459851,2990015292125963776,80.012825,-10.822953,14.926,0,-1 
24454917,3014118889109344384,79.889083,-10.202233,13.522,0,-1 
231306114,3182546714520680960,78.446988,-9.5817825,13.671,0,-1 
213007706,2542990457391828224,10.441398,-0.47581837,13.525,0,-1 
318715709,2543214208009038336,8.948708900000002,0.12536262,15.015,0,-1 
328068541,2543313645090984704,10.447182000000002,0.55720389,15.275,0,-1 
257330136,2544416523973216640,8.101594500000001,1.5043527,14.979,0,-1 
388776955,2550427760200606720,10.428541000000001,2.596367,15.639,0,-1 
272147227,2550458065489822848,9.2362683,2.0402972,11.706,0,-1 
272157348,2550498296448028160,9.3788675,2.3106471,15.093,0,-1 
250193129,3203009042526725760,65.016518,-4.5349276,13.849,0,-1 
250133009,3203714928991668096,63.251961,-4.0804961,15.259,0,-1 
46314221,2984737636312744448,83.18647800000001,-13.574132,13.726,0,-1 
442958486,2985396793533494912,81.338347,-14.031533,13.588,0,-1 
442928068,2985717747849126784,80.858034,-13.031524000000001,12.463,0,-1 
442965841,2985803200518917376,81.654356,-12.673741999999999,15.089,0,-1 
442928674,2988901005810763008,80.969713,-11.992063,13.755,0,-1 
143378685,3009615697501881216,82.716943,-12.621295,16.22,0,-1 
46273559,3009637176635031680,82.913925,-12.581375999999999,16.968,0,-1 
46274097,3009650405134237568,83.01094,-12.341609,13.685,0,-1 
427463359,3009794643019129216,83.48470999999999,-11.83522,17.208,0,-1 
143354106,3009824231050850176,82.50157,-12.326448,16.021,1,-1 
24725840,3012941724472867456,81.609564,-11.509568,14.445,0,-1 
139398099,2969550009182016000,79.980746,-18.514028,16.0,0,-1 
189017304,2981648214794489344,79.218491,-17.984128,16.121,0,-1 
442898286,2982377843840830976,80.354043,-16.707306,16.279,0,-1 
160187484,2982456836879251712,79.682218,-16.412395,15.615,0,-1 
169534999,2982666534363276416,78.185345,-17.175151,12.342,1,-1 
189016519,2983283703983592448,79.170676,-15.936144,16.475,0,-1 
34107927,3196798485456020608,59.529318,-7.1025347000000005,14.493,0,-1 
382306186,2528796277673941376,11.083544999999999,-4.4005748,13.805,0,-1 
269393015,2674910270516042112,325.79433,-1.2595061,15.324,0,-1 
269350850,2674995830557717888,325.60386,-0.69022435,15.009,0,-1 
269397379,2675068634547658240,325.91892,-0.82948561,16.331,0,-1 
241011295,2680940576395962240,328.20277999999996,-0.15304248,15.374,0,-1 
269314075,2687179926926703104,325.20912999999996,-0.012232653000000001,16.78,0,-1 
388877213,2693314858212719232,326.87284,0.92184771,17.088,0,-1 
24519685,2989262435898438912,80.13584399999999,-10.904878,15.734,0,-1 
24726022,3013027280221335808,81.621245,-11.137775999999999,14.451,0,-1 
199754647,3013146920830232320,81.90655699999999,-10.727997,14.912,0,-1 
34394814,3013156713355788544,82.34195,-10.705181,15.615,0,-1 
24454975,3014133693860032896,79.957288,-10.053362,16.626,0,-1 
56129649,3184975711800122880,70.89105,-9.5414821,14.94,0,-1 
146806334,3185064218189961984,71.68629200000001,-9.0817219,15.78,0,-1 
55978638,3185711491238648064,69.187675,-8.641293800000001,15.521,0,-1 
55996955,3186039867257616896,69.438843,-8.6427231,15.531,0,-1 
56098635,3186161260213016832,70.263991,-8.231751299999999,12.944,0,-1 
146820812,3187433463885369984,71.867756,-8.114332899999999,13.932,0,-1 
56185379,3187715797855786624,71.34673599999999,-7.4910826,14.523,0,-1 
55978261,3198236474866054144,69.14416899999999,-7.4861323,14.182,0,-1 
97189891,2811955740556800896,348.68448,12.342041,17.96,0,-1 
43530211,3180378791123983488,75.27458399999999,-11.607368,17.341,0,-1 
318703662,2706649876968152064,340.25585,6.9282960000000005,15.427,0,-1 
137862502,5104482392649058048,48.254213,-18.327371,13.289,0,-1 
169551272,2986603335745868416,78.32394000000001,-14.732443,15.613,0,-1 
169318743,2987579633352053120,75.99968299999999,-14.269332,16.158,0,-1 
169551936,2988537647281524352,78.307734,-12.940717,4.406,1,-1 
332713918,2488051915800756224,32.534375,-5.962675099999999,13.891,0,-1 
332827394,2488135371309829888,34.083455,-5.5490300999999995,16.696,0,-1 
257329446,2714943802414269440,344.04569,9.868749099999999,12.051,0,-1 
257314213,2718088573173123840,343.63408,10.582115,15.467,0,-1 
346832359,2572981282011319040,23.058734,9.2251956,11.484,0,-1 
422831227,2738527704059405568,359.37441,1.1760653,16.286,0,-1 
422790355,2738597007651387392,359.16129,1.5180207000000001,17.308,0,-1 
422788501,2739480847497523456,359.04373,2.1698015,14.767,0,-1 
422787384,2739806474737177856,358.89526,3.2364769,17.666,0,-1 
422740297,2739839631885865856,358.17432,3.1683369,15.932,0,-1 
422740296,2739839631885865984,358.17559,3.1684265,15.692,0,-1 
422835257,2740370352404690944,359.61978,3.9154435,17.086,0,-1 
408503509,2745466932397600640,359.75264,6.7594462,16.147,0,-1 
169398846,2982584307212221952,76.971882,-17.75677,16.972,0,-1 
169480777,2986692357535476096,77.648847,-14.307023999999998,16.458,0,-1 
332889941,2489462898456866176,34.719436,-5.3027165,15.299,0,-1 
332954109,2489596248601460864,35.454890999999996,-4.78899,10.863,0,-1 
332913158,2493320977384037888,35.358824,-3.2330023999999997,15.019,0,-1 
332913216,2493364721626626944,35.330411,-2.9695976,15.169,0,-1 
58733648,2546473882026708608,3.4679071000000006,1.3163771,9.414,1,-1 
408234163,2969731535976271232,82.309952,-18.381573,11.812,0,-1 
139447795,2969953946562282880,80.727624,-18.040917999999998,9.796,1,-1 
143351749,2971653928977794688,82.440638,-16.560871,16.758,0,-1 
398905343,2981608284484272000,79.221886,-18.184831,16.027,0,-1 
442926107,2982108287397220992,80.782732,-17.223919,8.257,1,-1 
442872551,2982293250165224320,79.905282,-16.73537,13.631,0,-1 
422620527,2647577068577709824,354.03202999999996,2.6845591,14.925,0,-1 
422620098,2660115448208760832,354.07497,4.5737076,15.959,0,-1 
38018330,3179427262592785536,67.475397,-10.473106,11.395,0,-1 
38019386,3179455304436229120,67.654264,-10.239462,12.66,0,-1 
38014265,3179471556592519808,67.19645799999999,-10.446955,13.161,0,-1 
55937066,3185175651119344512,68.82109799999999,-10.688514999999999,15.929,0,-1 
38126439,3185571715823590272,68.336902,-9.2993109,16.362,0,-1 
55978695,3185659779832417280,69.233819,-8.8380164,14.657,0,-1 
55935824,3185678437170301056,68.676578,-8.9562259,12.767,0,-1 
38126555,3185688710732097024,68.32924100000001,-8.9382571,15.384,0,-1 
55977004,3186110850180152960,69.11715,-8.285675099999999,16.293,0,-1 
37947994,3191523372263474432,66.629649,-9.9435759,15.037,0,-1 
38128462,3197736540674007168,68.456316,-8.550564300000001,14.571,0,-1 
55935566,3197761928224183552,68.661872,-8.214706699999999,16.552,0,-1 
38092098,3197832232545189376,68.239511,-7.906200099999999,15.803,0,-1 
38046202,3198020695710702080,67.89460600000001,-7.8502614,15.156,0,-1 
38127978,3198456926947648128,68.48424399999999,-7.153601200000001,15.998,0,-1 
37948769,3198734278756825984,66.612137,-7.661561,13.458,0,-1 
231303441,3207060394979915392,78.29809399999999,-7.9458926,16.675,0,-1 
24569852,3207344416874640896,80.528287,-7.2603884999999995,14.922,0,-1 
24349082,3207537896561271168,79.344955,-6.7971038,11.459,1,-1 
404453004,1775195401746634240,333.73615,16.798612,16.542,0,-1 
404577799,2734596919925482368,335.62191,14.649857999999998,14.614,0,-1 
404456047,2735062043408860928,333.88539,14.603370000000002,17.295,0,-1 
456803238,2735222816919856384,332.48932,14.863736,15.834,0,-1 
404488580,2735451412259069952,334.36229,15.001729000000001,13.641,0,-1 
423314984,2760864390152280960,352.44498,8.1778674,13.213,0,-1 
251020062,2609800318653404928,339.94442999999995,-7.5422785999999995,14.144,0,-1 
251020062,2609800322947875712,339.94479,-7.542068799999999,14.144,0,-1 
250999817,2622133544876976768,339.11177000000004,-6.674088799999999,14.042,0,-1 
27974206,2389772481269066368,358.99401,-20.08796,13.395,0,-1 
89547055,2390065977859187712,358.22116,-19.415523999999998,14.87,0,-1 
89543389,2390140645865479168,357.78824,-19.046749,9.839,1,-1 
89545031,2390144081839340288,357.83903,-18.909181,5.318,1,-1 
89526419,2390974831593735296,357.1373,-18.501798,13.368,0,-1 
89547212,2391000395239148672,358.16629,-18.561889,6.766,1,-1 
89545153,2391023450623579904,357.88107,-18.28131,13.624,0,-1 
56098478,3185860161531606528,70.24899599999999,-8.6674189,9.444,0,-1 
55935616,3197745817803310976,68.68955799999999,-8.3813628,16.188,0,-1 
38046452,3198048011702657920,67.87151,-7.5169088,15.899,0,-1 
429052943,2577307860266860800,15.626707000000001,7.0003504,16.349,0,-1 
293266193,2546637777979614848,2.0945211,1.5817084,14.646,0,-1 
206733569,5114243135325607040,55.346748,-13.036033999999999,15.054,0,-1 
333680002,3250213172650332032,56.903404,-2.6489335,17.117,0,-1 
10939494,3250754201089998592,55.56486700000001,-1.8198366000000001,15.819,0,-1 
250328446,2625503165763653888,340.81692000000004,-3.0588117,16.666,0,-1 
305377268,1740826214452252800,324.69695,8.2806936,18.259,0,-1 
305284299,1740842878924029184,324.26568,8.467569000000001,17.075,0,-1 
305440701,1741323782117792000,324.94667999999996,9.2840509,15.296,0,-1 
305441413,2701565872640718848,324.91524,7.9775247,17.54,0,-1 
466386850,2725890402741457920,327.52223,9.0698552,15.82,0,-1 
466378091,2726113466162940160,326.93502,9.3987836,13.741,0,-1 
468281948,2727208506729565568,332.5029,11.297282000000001,15.652,0,-1 
468302771,2727603785454743168,333.16109,11.562268,8.98,1,-1 
468302443,2727615777003447936,333.10643,11.597650999999999,14.052,0,-1 
415740963,2727636835228496512,334.00976,11.559085000000001,16.739,0,-1 
404411093,2727922918704812672,333.22985,12.266282,15.284,0,-1 
456810565,2727990366871340928,332.87293,12.487559,15.723,0,-1 
456804905,2728769267780226944,332.71305,12.867058,15.441,0,-1 
404555125,2733729164733276928,335.23205,12.524464,13.607,0,-1 
404554883,2733905567629797888,335.27806,13.163173,15.833,0,-1 
404554884,2733905563334418304,335.2764,13.161653,14.803,0,-1 
404529855,2733927764020821376,334.95365,13.40346,16.194,0,-1 
404534574,2733930134842766336,335.08531,13.503391,9.738,1,-1 
427316894,2741841803903879296,2.2354418,5.217821,16.973,0,-1 
377043541,24667616384335744,36.952028999999996,11.240695,13.868,0,-1 
248605077,2642251446570549248,358.42927000000003,-0.041058212999999996,15.813,0,-1 
248602555,2642266599215123072,358.02211,0.09472739300000001,14.36,0,-1 
12573805,5168605738982534784,52.665167000000004,-7.4636099,16.09,0,-1 
12531847,5168999123626325888,51.95512,-6.2030582,15.375,0,-1 
12531845,5168999123626325376,51.957846,-6.1995876,14.868,0,-1 
385117082,2590684248147510912,20.833499,15.432255,14.114,0,-1 
9235698,3252085778389619712,62.344335,-2.8402855,18.248,0,-1 
382341347,3176055133445795328,65.939435,-14.015426999999999,8.345,1,-1 
262309019,2697317256631380736,329.65249,6.013832099999999,7.959,1,-1 
344019843,2721641782437190784,329.97307,7.2528604,14.723,0,-1 
322153300,2721666457024496512,329.48197999999996,7.185722800000001,15.239,0,-1 
257159846,2721791251594315776,330.88293,8.021263900000001,12.726,0,-1 
257043869,2721809496615333248,330.21229,7.8523705999999995,7.988,1,-1 
248385575,2531761351295869056,18.999934,-2.4469347000000004,13.746,0,-1 
250346889,2649657546440796032,341.01473,-2.0065464,12.706,0,-1 
250326883,2652682238504364800,340.65652,-1.7311911,10.422,1,-1 
250316695,2653171723041850368,340.06866,-0.27215623,16.213,0,-1 
24980244,2466392258288212480,29.677739000000003,-7.6324955999999995,12.65,0,-1 
35859841,2495739868605533568,41.848424,-2.4956529,15.651,0,-1 
35841789,2495781619983026688,41.256935,-2.4225339,15.428,0,-1 
35745809,2496956207639075200,40.071775,-0.84281041,13.327,0,-1 
10934227,2497418930235797120,42.741333000000004,-1.3434636999999998,14.954,0,-1 
10934447,5187384847828045696,42.767044,-2.3997365,13.882,0,-1 
420980512,2968151086794824320,82.181234,-20.223515,17.96,0,-1 
255752950,2968325982161606272,81.4914,-20.270134,12.769,0,-1 
160142151,4844590519953844992,62.364024,-38.375378999999995,15.392,0,-1 
257605132,4844691297067064576,62.954868000000005,-37.945008,13.113,0,-1 
257607409,4869600458116427392,63.159668,-36.379001,13.137,0,-1 
423449321,5162051958189728768,51.296952000000005,-12.003260000000001,16.104,0,-1 
12546421,5164508305821048064,51.980384,-10.637917999999999,10.851,1,-1 
12605142,5164663577479701888,52.681877,-9.930779300000001,16.471,0,-1 
80342118,4980509158083034112,9.1900307,-44.195892,15.343,0,-1 
250315615,2625530378676975104,339.96112,-3.152603,16.339,0,-1 
37907761,3191829002136504704,66.437197,-9.0464392,14.576,0,-1 
167453833,3192722183535621760,64.957359,-8.3256727,15.138,0,-1 
37860175,3198784066017625344,65.643106,-7.627403599999999,15.772,0,-1 
354305716,2661624188616078592,351.43106,7.0240815,15.278,0,-1 
423327284,2757456316423033344,352.89653,6.9389882,15.931,0,-1 
422784160,2743708091749256320,358.68163,5.2989273,15.459,0,-1 
422786628,2743793784936772352,358.77153,5.6602002,14.303,0,-1 
310992898,2662195659784568960,347.27787,3.7486582000000004,13.685,0,-1 
310989783,2662521355744635648,347.01956,4.7634872,15.693,0,-1 
38629771,3194203328777712128,57.441551000000004,-10.455097,14.514,0,-1 
419879790,2709158687624627584,337.72562999999997,6.1541947,14.441,0,-1 
399518868,2709642674603848064,339.37608,6.9126054,14.028,0,-1 
415869633,2710114605610547584,335.87259,6.431702,16.461,0,-1 
121009691,5088899083069058432,55.574838,-20.509187,13.985,0,-1 
121009692,5088899083069058560,55.578880000000005,-20.513463,14.703,0,-1 
55442055,3195266900118546944,58.681580000000004,-7.593907400000001,14.234,0,-1 
34103714,3245007393113328640,59.476054000000005,-6.3007553,17.588,0,-1 
407613625,2550838118556095616,11.135792,3.166354,12.144,0,-1 
150949850,2799381828661371904,4.9493999,21.004455,16.331,0,-1 
238306129,2799470060175375872,5.7684792,21.464705,11.737,0,-1 
411526857,2799864273747690112,6.2606388,21.909710999999998,14.746,0,-1 
150949955,2800159904936841344,4.8734131,21.371209,12.729,0,-1 
248613542,3205573756476257792,65.977954,-2.5666504,15.696,0,-1 
456807783,1775383937926577152,332.74514,17.316302,16.603,0,-1 
456801498,1776154455059480960,332.43469,17.56918,15.498,0,-1 
258784142,1776300720171379712,332.75364,18.08843,14.68,0,-1 
418863323,1776523439994602112,331.34072000000003,18.685489999999998,17.903,0,-1 
258902590,1778333515307171968,333.51104,20.361664,15.443,0,-1 
420824759,1779627365615382016,331.2011,18.951746,14.819,0,-1 
262749080,2661033884015472384,350.09193,5.5081317,15.401,0,-1 
422378321,2682567136345845504,333.23843,1.9236318,14.165,0,-1 
422378247,2682583938257936640,333.19329,2.1290082999999997,12.203,0,-1 
418910657,2683215328514982912,331.46623,2.3411899,15.805,0,-1 
9355568,3186316390135373824,72.956793,-9.321486199999999,17.451,0,-1 
9294896,3186389615033799168,72.504194,-9.0016316,14.722,0,-1 
354265042,2762000701059912576,350.82523,9.3389995,14.72,0,-1 
401362404,2764129699168729088,353.42728999999997,11.339157,15.643,0,-1 
401371211,2764227486985187840,353.73457,11.516688,14.632,0,-1 
46314889,3009649030744662016,83.20495,-12.283927,14.983,0,-1 
404607582,2734782187634838656,336.02588,15.306170000000002,16.272,0,-1 
238273841,2735756629814945792,333.57157,15.832502999999999,12.75,0,-1 
404456739,2735792600166561664,333.93175,16.190182999999998,16.33,0,-1 
404532433,2735835829011885824,334.96532,16.143233,15.879,0,-1 
38630961,3243172484302239744,57.493828,-8.1944185,17.538,0,-1 
38539736,3244411633905055616,56.047401,-6.2008281,13.472,0,-1 
167453561,3191747844434161024,64.931552,-9.4094048,15.163,0,-1 
37816730,3192744139408470272,65.39661,-8.1086394,7.517,0,-1 
37904211,3198708199715465472,66.131294,-8.0413578,15.858,0,-1 
37904426,3198814440026361984,66.129938,-7.409545,16.071,0,-1 
269725429,3197415616420001280,61.914489,-5.921332700000001,16.398,0,-1 
257292545,2547589675875339392,7.3872829,2.5377687,12.823,0,-1 
293360878,2548795638269249536,5.2106731,3.393365,14.872,0,-1 
257323719,2554041889280763904,8.0795365,4.1298945,14.828,0,-1 
34365240,3014756090457081856,82.14458,-8.7576302,16.795,0,-1 
35745815,2496957272790964224,40.041492,-0.79639812,14.328,0,-1 
423496120,2977766114116989568,71.401786,-19.58124,12.607,0,-1 
406407326,2754038480232568320,5.4201421,10.290531,17.97,0,-1 
332621459,5097777879981248384,62.400048,-15.417822,14.086,0,-1 
170696924,4871177948064467712,67.553054,-33.262060999999996,15.125,0,-1 
301015178,2544883507177373568,2.4512987,-1.0179903000000001,15.47,0,-1 
301017151,2545080182319825024,2.6684387000000003,-0.35511977,15.566,0,-1 
138706642,2545390622556029824,3.7253258999999996,-0.30538506,15.654,0,-1 
251094569,2488909874172613888,38.035583,-5.259607599999999,14.567,0,-1 
248950321,2485191497646257280,20.874517,-2.412203,15.639,0,-1 
250437891,2490683906119532416,32.132244,-5.8682946,15.295,0,-1 
12862878,2368111204553745152,3.9121803,-16.882399,16.13,0,-1 
66497220,2390522829235254912,355.92822,-19.343601,12.446,0,-1 
441464456,2392464566769875456,353.21117999999996,-18.641026,14.983,0,-1 
92134838,2394672832795159936,355.5773,-16.615346,13.025,0,-1 
56099143,3199840902849124352,70.291195,-6.681344599999999,15.88,0,-1 
229088040,3200180789381137280,69.118398,-5.9522955,15.938,0,-1 
156459038,5114382326625767808,56.446433999999996,-12.229942,12.801,0,-1 
434103808,2433285516499186048,353.21955,-12.219135000000001,14.719,0,-1 
262726274,2660995302324890368,349.78729,5.1484269,14.93,0,-1 
310979050,2661777982805008256,346.86279,3.2392903,13.723,0,-1 
318707668,2553582224701027840,8.6941937,2.8436467,14.259,0,-1 
257302994,2554891743049605632,7.518772900000001,4.7485109,15.677,0,-1 
88576096,2731894835740681600,340.74784,13.760216,13.355,0,-1 
89547154,2390235581822022272,358.19523,-18.852989,17.001,0,-1 
66473982,2390407930270383360,355.89128999999997,-19.69689,11.059,0,-1 
92132176,2394248867983401088,355.59465,-17.904595,13.699,0,-1 
71027009,3172220827162239232,66.106247,-15.844338,16.664,0,-1 
23138344,5160771340676667776,46.065155,-10.620268,13.186,0,-1 
141327030,5179303265565239296,45.483815,-8.679478300000001,12.963,0,-1 
176078071,2623318264361170048,337.48393,-5.2118421999999995,14.805,0,-1 
244171035,2540996871012713472,6.4653278,-2.0104831,15.014,0,-1 
244168866,2541887612870216320,6.2486562999999995,-1.4139183000000002,16.077,0,-1 
244200353,2543625768955205504,7.4093146999999995,-0.11515769,9.664,1,-1 
423441245,5113064012184238208,51.043198,-14.722416,14.783,0,-1 
402136036,5113081501291033600,50.857174,-14.581169000000001,17.63,0,-1 
55894313,5155122118653214976,50.344162,-14.520365,15.846,0,-1 
55893164,5155187986271622784,50.138207,-14.282417,11.005,0,-1 
55873752,5155416822128110208,49.558169,-13.829282999999998,8.077,1,-1 
113547128,2823245113636054528,357.71927,20.172419,14.12,0,-1 
144575404,5085954625291316096,52.59474399999999,-24.373007,13.826,0,-1 
422788733,2740231126744832000,358.96079,3.3943561,12.456,0,-1 
422739171,2742886928362214656,358.04237,3.495714,14.98,0,-1 
118590048,3247163264833417088,53.698733999999995,-6.3933547,11.777,0,-1 
241712502,2505687807432351488,26.624549,-1.3051701,14.189,0,-1 
80453024,4975223840048745472,11.913981,-47.696833000000005,13.783,0,-1 
212959016,2542506912794875904,8.900711300000001,-1.2121444,18.229,0,-1 
212952126,2542830856408554624,8.317950900000001,-0.29786208,14.783,0,-1 
24402176,3014398504362577536,79.321929,-9.557210699999999,11.602,0,-1 
24405858,3207546207321024512,79.43836800000001,-6.6971792,15.878,0,-1 
262725930,2659018655296050688,349.84743,3.736244,12.783,0,-1 
422460502,2659702787750762752,351.38358999999997,3.5429777000000002,12.073,0,-1 
422505810,2659919494620989952,351.78479,4.5534824,15.103,0,-1 
117842543,3174507261592808192,70.233513,-14.001759,15.534,0,-1 
117842144,3174928267170240896,70.2103,-12.812911,16.86,0,-1 
117845973,3174938545029574400,70.56065600000001,-12.755119,13.244,0,-1 
117747507,3177891008627239040,69.315682,-12.811129,13.232,0,-1 
117628530,3178210588554016640,67.773336,-12.146175999999999,15.814,0,-1 
38018925,3179008765276013056,67.607281,-11.539267,13.743,0,-1 
251057101,2488590161102409088,36.197665,-5.740842099999999,14.296,0,-1 
293360960,2548575804663212544,5.1962007,3.1034264,15.479,0,-1 
293284539,2741013665489837824,4.352780999999999,3.8259305,17.202,0,-1 
423357295,2431941157376018304,5.532354799999999,-4.8985913,15.352,0,-1 
423357294,2431941157376018432,5.5335361,-4.8985747,14.898,0,-1 
138668467,2448628204833165056,0.34744699,-2.4861798999999998,14.82,0,-1 
40047001,2426655495743613568,6.477270900000001,-9.559451300000001,9.532,1,-1 
422548195,2647287274249277568,352.32645,2.1142779,16.17,0,-1 
274037132,3266943577799813504,48.594521,0.79273726,16.598,0,-1 
419882570,2647975847701176960,354.37216,3.5898581,15.103,0,-1 
419901030,2648090261334800000,354.53454,4.345838,16.319,0,-1 
293368797,2646615854896971520,357.05496,2.3721368999999997,15.93,0,-1 
293369689,2739689479829826304,357.22606,2.3660235000000003,13.367,0,-1 
248380138,2531599929244924032,18.427125,-3.2747387999999997,14.747,0,-1 
269612606,2532409375961353856,16.316191,-2.0643064,15.095,0,-1 
35666262,2480910690857546496,23.707598,-3.8210709,14.03,0,-1 
262820529,2559168705842403328,23.912523999999998,3.4768127,14.353,0,-1 
262846700,2561622128600940288,24.673455999999998,4.8132204000000005,13.521,0,-1 
262820854,2561859107716340224,23.944307000000002,5.078846700000001,12.358,0,-1 
257372893,2551183399566680064,11.244968,4.1411782,15.085,0,-1 
344626397,2551390588788924288,13.648187,3.1050119,13.062,0,-1 
279403256,5114516604484590848,57.80771800000001,-12.382149,11.44,0,-1 
293306792,2741273395049220992,4.6797209,5.1095331,12.399,0,-1 
270369931,2514637866442143104,32.125389,2.9481265,14.803,0,-1 
244175229,2543514370386886272,7.0619833,-0.51381095,13.995,0,-1 
212376926,2453007697084800384,26.810916,-14.470544,13.594,0,-1 
212379831,2459334802387210880,27.252854,-13.103908,14.296,0,-1 
66497441,2391220091406075648,356.05046,-18.276958999999998,5.392,1,-1 
5716512,2410222091875449216,347.45659,-14.510587,6.429,1,-1 
408013666,2428341184508675456,3.7272369,-9.569604400000001,5.884,1,-1 
146163862,2597327566122330880,341.92834,-14.056467000000001,5.758,1,-1 
317958778,2676509823708845056,330.82862,-2.1554154999999997,4.94,0,-1 
404607596,2734781844037454592,336.00212999999997,15.281422000000001,6.801,0,-1 
210033398,2736194815262723712,338.5261,16.024219,8.712,1,-1 
427331589,2741090498161113344,3.9888451000000003,4.2510497,7.091,1,-1 
408441735,2746298781663140352,358.78257,7.070891499999999,6.27,1,-1 
70962932,3175513589608066048,64.89194599999999,-15.169937,8.747,0,-1 
425210920,3182650382147268992,76.933752,-9.8648651,8.549,1,-1 
283752072,3300937801567693824,63.753823,10.748071000000001,7.51,1,-1 
242991317,3305012316783145728,60.17004,12.49029,3.506,1,-1 
170786634,4878579825983429248,69.212142,-30.716746999999998,6.341,0,-1 
72586907,5021010046848175616,31.122699,-29.296753999999996,4.937,1,-1 
321068946,5045432364765457792,44.38596,-38.190875,6.443,1,-1 
302413455,5145324782854148096,33.329633,-14.907576,7.316,1,-1 
175286843,6549670305714644608,346.72362999999996,-38.892265,5.641,1,-1 
